octave:1> a=pi
a =  3.14159265358979
octave:2> b=sqrt(10)
b =  3.16227766016838
octave:3> a-b
ans = -0.0206850065785864

